0,273
0,270
60,35
10,230
10,200
10,16
10,156
10,236
8,14
8,8
8,4
38,4
38,3
38,1
36,3
36,1
34,3
34,1
25,3
25,1
17,3
17,2
20,2
20,1
17,1
16,3
16,2
20,3
16,1
15,3
15,2
15,1
14,2
13,2
12,3
12,2
19,2
19,1
12,1
11,27
11,26
11,25
11,24
11,23
11,22
11,21
11,20
11,19
11,18
11,17
11,16
11,15
19,3
11,14
11,13
11,12
11,11
11,10
11,9
11,8
11,7
11,6
11,4
11,3
11,2
11,1
10,302
10,300
10,296
10,295
10,294
10,284
10,259
10,226
10,195
10,182
10,157
10,141
10,138
10,124
10,122
10,31
18,1
10,20
18,3
14,1
10,8
10,5
10,4
10,3
10,2
14,3
13,1
10,1
9,7
9,6
